wd=36419 tbl=22607
PJc occurrences in wd: 74
  #0 off=0x297A aligned512=false val=0
  #1 off=0x2983 aligned512=false val=0
  #2 off=0x29CC aligned512=false val=1
  #3 off=0x29D5 aligned512=false val=1
  #4 off=0x29E2 aligned512=false val=1
  #5 off=0x29EB aligned512=false val=1
  #6 off=0x29F8 aligned512=false val=1
  #7 off=0x29FB aligned512=false val=1
  #8 off=0x3395 aligned512=false val=1
  #9 off=0x339F aligned512=false val=1
  #10 off=0x33BC aligned512=false val=1
  #11 off=0x33C5 aligned512=false val=1
  #12 off=0x33D2 aligned512=false val=1
  #13 off=0x33DB aligned512=false val=1
  #14 off=0x4399 aligned512=false val=1
  #15 off=0x43B1 aligned512=false val=1
  #16 off=0x43BE aligned512=false val=1
  #17 off=0x43C1 aligned512=false val=1
  #18 off=0x43EB aligned512=false val=1
  #19 off=0x43F5 aligned512=false val=1

wd page@0x2800:
  [00 08 00 00 1C 08 00 00 34 08 00 00 72 08 00 00 BE 08 00 00 C0 08 00 00 E8 09 00 00 EA 09 00 00 2C 0A 00 00 2E 0A 00 00 30 0A 00 00 3C 0A 00 00 A6 0B 00 00 A8 0B 00 00 F8 0C 00 00 FA 0C 00 00 38 0E 00 00 3A 0E 00 00 3C 0E 00 00 3E 0E 00 00 40 0E 00 00 FA 00 00 00 00 00 00 00 00 00 00 00 00 EF 00 00 00 00 00 00 00 00 00 00 00 00 E4 00 00 00 00 00 00 00 00 00 00 00 00 E4 00 00 00 00 00 00 00 00 00 00 00 00 D6 00 00 00 00 00 00 00 00 00 00 00 00 CE 00 00 00 00 00 00 00 00 00 00 00 00 C6 00 00 00 00 00 00 00 00 00 00 00 00 C6 00 00 00 00 00 00 00 00 00 00 00 00 C6 00 00 00 00 00 00 00 00 00 00 00 00 BB 00 00 00 00 00 00 00 00 00 00 00 00 C6 00 00 00 00 00 00 00 00 00 00 00 00 B3 00 00 00 00 00 00 00 00 00 00 00 00 B3 00 00 00 00 00 00 00 00 00 00 00 00 B3 00 00 00 00 00 00 00 00 00 00 00 00 B3 00 00 00 00 00 00 00 00 00 00 00 00 B3 00 00 00 00 00 00 00 00 00 00 00 00 AE 00 00 00 00 00 00 00 00 00 00 00 00 AE 00 00 00 00 00 00 00 00 00 00 00 00 AE 00 00 00 00 00 00 00 00 00 00 00 00 AE 00 00 00 00 00 00 00 00 00 00 00 00 00 00 00 00 00 04 00 00 12 64 F0 00 01 00 00 07 00 00 12 64 F0 00 01 00 67 64 36 1C 9F 00 00 0A 00 00 03 24 00 12 64 F0 00 01 00 61 24 00 67 64 C9 7C 89 00 00 07 00 00 12 64 00 00 00 00 67 64 E2 40 50 00 00 07 00 00 12 64 F0 00 01 00 67 64 E2 40 50 00 00 0D 00 00 11 84 C0 03 12 64 F0 00 01 00 57 44 90 01 60 84 C0 03 67 64 C9 7C 89 00 00 0A 00 00 03 24 01 12 64 F0 00 01 00 61 24 01 67 64 2F 3E 2C 00 00 0A 00 00 03 24 01 12 64 F0 00 01 00 61 24 01 67 64 C9 7C 89 00 00 04 00 00 03 24 01 61 24 01 00 14]

wd page@0x2A00:
  [0E 09 00 00 20 09 00 00 22 09 00 00 26 09 00 00 80 09 00 00 88 09 00 00 8C 09 00 00 8E 09 00 00 B0 09 00 00 B2 09 00 00 CC 09 00 00 D4 09 00 00 D8 09 00 00 E6 09 00 00 E8 09 00 00 EA 09 00 00 F2 09 00 00 2C 0A 00 00 2E 0A 00 00 30 0A 00 00 ED DA C7 DA B4 A1 B4 8B B4 8B B4 78 B4 DA 62 4F DA 3C 35 00 00 00 00 00 00 00 0D 16 68 E2 40 50 00 50 4A 04 00 6F 28 01 24 16 68 36 1C 9F 00 43 4A 15 00 4F 4A 04 00 50 4A 04 00 51 4A 04 00 5C 08 81 5E 4A 04 00 61 4A 15 00 6F 28 01 00 24 16 68 E2 40 50 00 43 4A 15 00 4F 4A 05 00 50 4A 05 00 51 4A 05 00 5C 08 81 5E 4A 05 00 61 4A 15 00 6F 28 01 00 2A 15 68 42 1B 8A 00 16 68 E2 40 50 00 43 4A 15 00 4F 4A 05 00 50 4A 05 00 51 4A 05 00 5C 08 81 5E 4A 05 00 61 4A 15 00 6F 28 01 00 24 16 68 9B 64 1D 00 43 4A 15 00 4F 4A 04 00 50 4A 04 00 51 4A 04 00 5C 08 81 5E 4A 04 00 61 4A 15 00 6F 28 01 00 2A 15 68 42 1B 8A 00 16 68 42 1B 8A 00 43 4A 15 00 4F 4A 04 00 50 4A 04 00 51 4A 04 00 5C 08 81 5E 4A 04 00 61 4A 15 00 6F 28 01 00 24 16 68 C8 4E 7D 00 43 4A 15 00 4F 4A 04 00 50 4A 04 00 51 4A 04 00 5C 08 81 5E 4A 04 00 61 4A 15 00 6F 28 01 00 24 16 68 42 1B 8A 00 43 4A 15 00 4F 4A 04 00 50 4A 04 00 51 4A 04 00 5C 08 81 5E 4A 04 00 61 4A 15 00 6F 28 01 00 24 16 68 8C 11 E6 00 43 4A 15 00 4F 4A 04 00 50 4A 04 00 51 4A 04 00 5C 08 81 5E 4A 04 00 61 4A 15 00 6F 28 01 00 24 16 68 E2 40 50 00 43 4A 15 00 4F 4A 04 00 50 4A 04 00 51 4A 04 00 5C 08 81 5E 4A 04 00 61 4A 15 00 6F 28 01 00 24 16 68 76 7D 90 00 43 4A 15 00 4F 4A 04 00 50 4A 04 00 51 4A 04 00 5C 08 81 5E 4A 04 00 61 4A 15 00 6F 28 01 13]

wd page@0x2600:
  [00 08 00 00 1C 08 00 00 28 08 00 00 2A 08 00 00 32 08 00 00 34 08 00 00 70 08 00 00 72 08 00 00 76 08 00 00 90 08 00 00 92 08 00 00 94 08 00 00 A2 08 00 00 BE 08 00 00 C0 08 00 00 CA 08 00 00 EC 08 00 00 08 09 00 00 0E 09 00 00 ED D7 C3 D7 C3 AD 99 86 AD 99 AD 99 AD 79 66 53 40 53 00 00 00 00 00 00 00 00 00 00 00 00 00 00 00 00 00 00 00 00 00 00 00 00 00 00 00 00 00 00 00 00 00 00 24 16 68 7F 39 FF 00 43 4A 15 00 4F 4A 04 00 50 4A 04 00 51 4A 04 00 5C 08 81 5E 4A 04 00 61 4A 15 00 6F 28 01 00 24 16 68 E2 40 50 00 43 4A 15 00 4F 4A 04 00 50 4A 04 00 51 4A 04 00 5C 08 81 5E 4A 04 00 61 4A 15 00 6F 28 01 00 24 16 68 E2 40 50 00 43 4A 15 00 4F 4A 05 00 50 4A 05 00 51 4A 05 00 5C 08 81 5E 4A 05 00 61 4A 15 00 6F 28 01 00 19 16 68 E2 40 50 00 4F 4A 04 00 50 4A 04 00 51 4A 04 00 5C 08 81 5E 4A 04 00 24 16 68 45 7A B4 00 43 4A 12 00 4F 4A 04 00 50 4A 04 00 51 4A 04 00 5C 08 81 5E 4A 04 00 61 4A 15 00 6F 28 01 00 27 15 68 45 7A B4 00 16 68 C9 7C 89 00 43 4A 12 00 4F 4A 04 00 50 4A 04 00 51 4A 04 00 5C 08 81 5E 4A 04 00 61 4A 15 00 2A 15 68 45 7A B4 00 16 68 C9 7C 89 00 43 4A 12 00 4F 4A 04 00 50 4A 04 00 51 4A 04 00 5C 08 81 5E 4A 04 00 61 4A 15 00 6F 28 01 00 27 15 68 2F 3E 2C 00 16 68 C9 7C 89 00 43 4A 15 00 4F 4A 04 00 50 4A 04 00 51 4A 04 00 5C 08 81 5E 4A 04 00 61 4A 15 00 2A 15 68 2F 3E 2C 00 16 68 C9 7C 89 00 43 4A 15 00 4F 4A 04 00 50 4A 04 00 51 4A 04 00 5C 08 81 5E 4A 04 00 61 4A 15 00 6F 28 01 00 24 16 68 D8 26 EB 00 35 08 81 43 4A 20 00 4F 4A 03 00 50 4A 03 00 51 4A 03 00 5E 4A 03 00 61 4A 20 00 6F 28 01 12]
